lng：
118.8004110
115.9603640
115.9603640
116.4005290
115.8972050
115.7871920
115.6710360
115.8462900
115.8416880
115.8856610
117.0349790
118.4434210
118.1275310
116.0198300
115.6871800
115.4855380
117.8738920
118.0303410
116.9512000
118.0905970
118.3831530
118.6601190
118.8297330
117.2118480
118.1966070
119.7553040
119.9042660
104.7022770
104.0646620
104.2350100
96.7782940
103.3578480
104.4003920
104.4451310
100.7342570
108.3668700
105.0164790
103.9686640
103.6127530
105.2116350
97.7438010
100.4864710
100.8847120
100.5007430
110.5998140
112.3463070
100.6826800
116.1581370
111.6108750
110.1715750
112.3008720
112.1229190
109.1160680
107.5393800
110.9327450
108.6242780
110.1588060
110.1839440
109.9905970
109.2672730
108.1265250
107.9231050
105.1943580
107.3937930
107.9326060
109.8481230
115.3499960
109.8481230
115.3306350
115.3158390
114.8071780
114.5239080
114.5206940
115.0509270
114.7776100
113.2788350
111.6224680
111.7487620
113.3330030
111.7417420
111.8958780
113.7178350
112.4611590
111.6598980
111.8966700
112.3443710
112.8643170
112.5975120
113.7856100
112.9676180
113.1562010
113.0012500
113.2274320
113.2392650
111.4182730
115.4264890
115.0589670
114.5813450
113.8570810
114.4262190
130.5319890
129.2298860
124.8060770
128.3904290
127.3431210
132.2046350
133.9037890
112.0637860
110.0391490
115.0588400
115.0588400
115.6783990
108.7113450
109.0173870
115.4049990
115.3384590
110.8049350
110.7474500
110.6800220
110.4579660
114.9596490
112.1281280
111.8691530
112.1776930
111.7950780
110.5110100
112.6024150
112.3135790
110.6825840
111.8653840
110.9461220
110.7588230
109.4769520
112.3619680
112.5474470
128.9076520
127.2922620
126.8147910
125.7512230
125.7657820
119.6982580
118.7368320
117.8197710
120.3613020
114.8946380
114.2495390
115.7627720
115.0381400
114.8529780
115.5367870
125.0457640
124.9243710
124.7340650
108.2739730
118.8013940
118.8604190
124.6252270
121.3253220
105.6840300
105.6776950
101.2627460
115.6877590
115.4079390
115.5574210
118.9801370
115.4873620
115.5417820
116.4613560
117.3021620
117.3188020
117.3483000
116.3914750
116.5537440
118.3194910
118.6344250
118.8633710
117.9233000
118.3884950
116.9117290
117.4838550
118.1966020
117.7840290
113.4729780
111.6135530
111.9276250
111.4482750
111.6508360
110.8456570
111.0522440
111.3369100
111.1276620
111.8918260
113.1230100
112.5180420
107.9968890
109.2710070
107.3405840
110.1551940
110.3464110
108.9460540
108.4849040
109.3303030
108.2287310
102.7952790
106.4466600
106.2963530
102.2643430
104.8558770
102.2705100
103.8251480
104.3144140
104.5361330
104.9379560
105.0153120
103.7871750
103.9957850
104.0770990
105.5340300
102.3710880
104.5672170
104.6299200
102.8532530
104.5434160
91.1210610
87.4933680
89.7495410
82.9897320
80.8854790
81.2844610
97.9382300
103.6733020
98.4969220
99.3769030
100.2322670
102.7899200
99.0885190
100.1298030
104.4887690
103.9919180
104.0891300
100.6327550
120.4520400
119.1268780
120.1696930
120.2485070
120.0740110
120.3863550
120.4862460
106.5033630
107.6627500
109.2707210
108.4967680
109.0135990
106.5560850
112.1295270
117.8659960
110.1671130
115.8827710
117.6988700
120.2670860
115.0270130
104.7374310
113.8255210
116.3608950
113.7768570
105.7212640
lat:
30.0288960
30.8257450
30.8257450
30.9673540
33.7982050
33.9402800
33.8759740
33.8052960
33.9455130
33.9105480
30.1173480
32.4588850
32.2878620
31.1935750
31.7507310
33.4833870
30.9280760
30.8788090
34.1952740
30.8221460
30.2077630
31.0363510
30.8312860
26.3606180
26.1771230
27.1613680
27.2419500
34.9666660
34.4552320
35.1423950
40.5107080
35.4300390
34.0542370
35.0866030
38.6519630
35.4982540
34.5223720
35.1469900
38.9055640
34.0035460
40.3098940
38.9362250
38.5130050
38.5431480
22.0057480
23.3593530
38.7086050
23.3085130
22.0421490
20.3291390
23.1833830
23.4111270
22.1132690
21.6212100
22.9127070
24.3189120
22.6096100
22.6251990
24.9862120
22.6853520
28.2703600
26.9120030
25.4409410
27.9378630
27.1451350
19.0437700
38.4321980
19.0437700
38.4294560
38.3986010
36.5532390
38.4021100
37.2972930
37.2219860
37.3561280
35.0685320
33.7912030
33.7724910
33.1622020
33.6246860
32.9080190
35.7744070
34.6271320
34.3942580
34.0766890
34.3831640
34.9309410
33.6712720
32.7494520
34.9189740
35.0369540
34.9208580
34.9902220
35.0443610
33.5715230
32.4790110
32.1382300
32.7772270
34.6884230
35.0472620
44.9252380
44.1188550
46.1464220
44.9620540
49.4321020
46.3328490
48.2233910
31.4016560
29.8876780
30.8028680
30.8028680
30.7553250
30.2717580
30.2405790
30.7908340
30.2924680
32.6348600
32.0615120
32.0741750
32.0133470
30.8161060
32.0858450
31.7770640
31.8631210
30.8260650
30.6167140
30.9948780
31.6541840
27.4634960
27.3273250
27.3657930
27.5233410
29.4109130
28.7696400
29.5355360
43.1251020
42.4414580
42.3891470
42.2908480
41.6854830
31.7863070
33.9509660
33.9442080
33.5878370
25.4606380
26.9510920
29.3191190
26.8980530
27.9136090
28.0542880
41.7410550
42.0958860
42.7434780
41.0938070
42.1153170
41.5687790
49.7455680
43.6063670
37.5042540
37.5034430
36.6880930
34.7069650
34.8512870
35.3980820
35.9226040
36.5683150
35.3960540
36.1183820
36.8019810
29.0332750
28.9957350
36.2440490
35.7211380
35.0782800
35.7954610
36.0232630
35.9289220
35.5748200
35.1402980
34.6674890
36.4586170
35.8263520
35.8005090
35.6177100
36.2724010
35.8818140
35.7626000
35.4486550
35.0913410
35.3052460
35.5120020
35.2718450
36.2012940
36.2951910
33.5302370
32.8838720
33.1619280
35.2432040
33.6955170
34.3469000
34.0835860
34.1571110
34.1689310
29.2094190
30.5435110
32.2344460
27.0608830
30.3833340
27.8998210
30.2444610
31.8972070
32.4095440
31.2869880
31.1588920
30.2280580
31.0976680
31.0829940
30.5665840
29.2336010
31.0210180
30.9226930
29.7988100
28.7016580
29.6499620
47.1180820
43.6762560
46.2061920
44.0618770
43.9146700
24.7107690
25.0352250
25.0258170
25.8913540
25.5883310
24.9529170
23.5597290
24.4428060
24.9738650
24.8277960
23.4016320
26.3116370
30.5341990
29.8533660
30.7826880
29.2950600
28.6535850
28.9512520
28.7422470
29.5050610
30.1083700
30.6455260
30.2547080
28.4537890
29.6228470
33.7984790
35.7028970
33.7462190
33.8541150
34.2774520
34.2110660
31.2728600
31.7821310
36.0721190
26.3326290
27.6491200
27.0488550